{
 "cells": [
  {
   "cell_type": "code",
   "execution_count": 1177,
   "metadata": {
    "collapsed": false
   },
   "outputs": [],
   "source": [
    "import pandas as pd\n",
    "import matplotlib.pyplot as plt\n",
    "from sklearn.linear_model import LogisticRegression as LR\n",
    "from sklearn.ensemble import RandomForestClassifier as RFC\n",
    "from sklearn.ensemble import GradientBoostingClassifier as GBC\n",
    "from sklearn.cross_validation import train_test_split\n",
    "from sklearn.metrics import log_loss, auc, roc_curve, roc_auc_score\n",
    "from sklearn.neighbors import KNeighborsClassifier as knn\n",
    "from sklearn.multiclass import OneVsOneClassifier\n",
    "from sklearn.metrics import accuracy_score\n",
    "from sklearn.metrics import confusion_matrix\n",
    "from sklearn.svm import LinearSVC\n",
    "from sklearn.metrics import classification_report\n",
    "from sklearn.cross_validation import cross_val_score\n",
    "from sklearn.pipeline import Pipeline\n",
    "from sklearn.tree import DecisionTreeClassifier\n",
    "from sklearn.preprocessing import StandardScaler\n",
    "from sklearn.grid_search import GridSearchCV\n",
    "import numpy as np\n",
    "%matplotlib inline\n",
    "from matplotlib.pylab import rcParams\n",
    "rcParams['figure.figsize'] = 12, 4"
   ]
  },
  {
   "cell_type": "code",
   "execution_count": 1178,
   "metadata": {
    "collapsed": false
   },
   "outputs": [],
   "source": [
    "#data = pd.read_csv('../ult_sign_scrape/race_master/master_database.csv')\n",
    "fe4 = pd.read_csv('../ult_sign_scrape/race_master/master_database_fe4.csv')\n",
    "athletes = pd.read_csv('../ult_sign_scrape/athlete_dataframe/concat')\n",
    "races = pd.read_csv('../ult_sign_scrape/race_master/master_list.csv')"
   ]
  },
  {
   "cell_type": "code",
   "execution_count": 1179,
   "metadata": {
    "collapsed": false
   },
   "outputs": [],
   "source": [
    "#clean = data.drop(['Unnamed: 0', 'Unnamed: 0.1'], axis=1)\n",
    "fe4_clean = fe4.drop(['Unnamed: 0', 'Unnamed: 0.1'], axis=1)\n",
    "fe4 = fe4_clean.dropna()"
   ]
  },
  {
   "cell_type": "code",
   "execution_count": 1180,
   "metadata": {
    "collapsed": false
   },
   "outputs": [
    {
     "data": {
      "text/html": [
       "<div>\n",
       "<table border=\"1\" class=\"dataframe\">\n",
       "  <thead>\n",
       "    <tr style=\"text-align: right;\">\n",
       "      <th></th>\n",
       "      <th>age</th>\n",
       "      <th>participant_id</th>\n",
       "      <th>runner_rank</th>\n",
       "      <th>status</th>\n",
       "      <th>race_id</th>\n",
       "      <th>Season</th>\n",
       "      <th>Metro_area</th>\n",
       "      <th>WL_SO</th>\n",
       "      <th>Entry_fee</th>\n",
       "      <th>PPM</th>\n",
       "      <th>Age_Rank</th>\n",
       "      <th>Gender_Rank</th>\n",
       "      <th>Total_races</th>\n",
       "    </tr>\n",
       "  </thead>\n",
       "  <tbody>\n",
       "    <tr>\n",
       "      <th>age</th>\n",
       "      <td>1.000000</td>\n",
       "      <td>-0.270411</td>\n",
       "      <td>-0.216783</td>\n",
       "      <td>0.075115</td>\n",
       "      <td>-0.010206</td>\n",
       "      <td>0.047769</td>\n",
       "      <td>0.018868</td>\n",
       "      <td>-0.043341</td>\n",
       "      <td>0.043721</td>\n",
       "      <td>-0.016771</td>\n",
       "      <td>-0.007417</td>\n",
       "      <td>0.000602</td>\n",
       "      <td>0.011360</td>\n",
       "    </tr>\n",
       "    <tr>\n",
       "      <th>participant_id</th>\n",
       "      <td>-0.270411</td>\n",
       "      <td>1.000000</td>\n",
       "      <td>-0.194335</td>\n",
       "      <td>-0.001664</td>\n",
       "      <td>0.386143</td>\n",
       "      <td>-0.020922</td>\n",
       "      <td>0.029178</td>\n",
       "      <td>-0.089945</td>\n",
       "      <td>-0.122077</td>\n",
       "      <td>-0.070901</td>\n",
       "      <td>-0.005315</td>\n",
       "      <td>-0.005174</td>\n",
       "      <td>-0.015240</td>\n",
       "    </tr>\n",
       "    <tr>\n",
       "      <th>runner_rank</th>\n",
       "      <td>-0.216783</td>\n",
       "      <td>-0.194335</td>\n",
       "      <td>1.000000</td>\n",
       "      <td>-0.190380</td>\n",
       "      <td>0.020117</td>\n",
       "      <td>-0.074137</td>\n",
       "      <td>-0.018915</td>\n",
       "      <td>0.115371</td>\n",
       "      <td>-0.045335</td>\n",
       "      <td>0.113499</td>\n",
       "      <td>-0.003333</td>\n",
       "      <td>-0.008166</td>\n",
       "      <td>0.007546</td>\n",
       "    </tr>\n",
       "    <tr>\n",
       "      <th>status</th>\n",
       "      <td>0.075115</td>\n",
       "      <td>-0.001664</td>\n",
       "      <td>-0.190380</td>\n",
       "      <td>1.000000</td>\n",
       "      <td>0.032448</td>\n",
       "      <td>0.079697</td>\n",
       "      <td>-0.038195</td>\n",
       "      <td>-0.150429</td>\n",
       "      <td>-0.094013</td>\n",
       "      <td>-0.118026</td>\n",
       "      <td>0.007557</td>\n",
       "      <td>0.009809</td>\n",
       "      <td>-0.000989</td>\n",
       "    </tr>\n",
       "    <tr>\n",
       "      <th>race_id</th>\n",
       "      <td>-0.010206</td>\n",
       "      <td>0.386143</td>\n",
       "      <td>0.020117</td>\n",
       "      <td>0.032448</td>\n",
       "      <td>1.000000</td>\n",
       "      <td>-0.058049</td>\n",
       "      <td>0.130348</td>\n",
       "      <td>-0.123373</td>\n",
       "      <td>-0.212501</td>\n",
       "      <td>0.017266</td>\n",
       "      <td>-0.015521</td>\n",
       "      <td>-0.024019</td>\n",
       "      <td>-0.029799</td>\n",
       "    </tr>\n",
       "    <tr>\n",
       "      <th>Season</th>\n",
       "      <td>0.047769</td>\n",
       "      <td>-0.020922</td>\n",
       "      <td>-0.074137</td>\n",
       "      <td>0.079697</td>\n",
       "      <td>-0.058049</td>\n",
       "      <td>1.000000</td>\n",
       "      <td>-0.229057</td>\n",
       "      <td>-0.543905</td>\n",
       "      <td>-0.242692</td>\n",
       "      <td>-0.293994</td>\n",
       "      <td>-0.004094</td>\n",
       "      <td>-0.006021</td>\n",
       "      <td>0.019240</td>\n",
       "    </tr>\n",
       "    <tr>\n",
       "      <th>Metro_area</th>\n",
       "      <td>0.018868</td>\n",
       "      <td>0.029178</td>\n",
       "      <td>-0.018915</td>\n",
       "      <td>-0.038195</td>\n",
       "      <td>0.130348</td>\n",
       "      <td>-0.229057</td>\n",
       "      <td>1.000000</td>\n",
       "      <td>-0.292363</td>\n",
       "      <td>0.117692</td>\n",
       "      <td>0.406314</td>\n",
       "      <td>-0.010899</td>\n",
       "      <td>-0.017804</td>\n",
       "      <td>-0.007776</td>\n",
       "    </tr>\n",
       "    <tr>\n",
       "      <th>WL_SO</th>\n",
       "      <td>-0.043341</td>\n",
       "      <td>-0.089945</td>\n",
       "      <td>0.115371</td>\n",
       "      <td>-0.150429</td>\n",
       "      <td>-0.123373</td>\n",
       "      <td>-0.543905</td>\n",
       "      <td>-0.292363</td>\n",
       "      <td>1.000000</td>\n",
       "      <td>0.413294</td>\n",
       "      <td>0.319025</td>\n",
       "      <td>0.028082</td>\n",
       "      <td>0.026839</td>\n",
       "      <td>0.006227</td>\n",
       "    </tr>\n",
       "    <tr>\n",
       "      <th>Entry_fee</th>\n",
       "      <td>0.043721</td>\n",
       "      <td>-0.122077</td>\n",
       "      <td>-0.045335</td>\n",
       "      <td>-0.094013</td>\n",
       "      <td>-0.212501</td>\n",
       "      <td>-0.242692</td>\n",
       "      <td>0.117692</td>\n",
       "      <td>0.413294</td>\n",
       "      <td>1.000000</td>\n",
       "      <td>0.334784</td>\n",
       "      <td>0.001548</td>\n",
       "      <td>-0.006640</td>\n",
       "      <td>-0.006176</td>\n",
       "    </tr>\n",
       "    <tr>\n",
       "      <th>PPM</th>\n",
       "      <td>-0.016771</td>\n",
       "      <td>-0.070901</td>\n",
       "      <td>0.113499</td>\n",
       "      <td>-0.118026</td>\n",
       "      <td>0.017266</td>\n",
       "      <td>-0.293994</td>\n",
       "      <td>0.406314</td>\n",
       "      <td>0.319025</td>\n",
       "      <td>0.334784</td>\n",
       "      <td>1.000000</td>\n",
       "      <td>0.003491</td>\n",
       "      <td>-0.017046</td>\n",
       "      <td>0.017571</td>\n",
       "    </tr>\n",
       "    <tr>\n",
       "      <th>Age_Rank</th>\n",
       "      <td>-0.007417</td>\n",
       "      <td>-0.005315</td>\n",
       "      <td>-0.003333</td>\n",
       "      <td>0.007557</td>\n",
       "      <td>-0.015521</td>\n",
       "      <td>-0.004094</td>\n",
       "      <td>-0.010899</td>\n",
       "      <td>0.028082</td>\n",
       "      <td>0.001548</td>\n",
       "      <td>0.003491</td>\n",
       "      <td>1.000000</td>\n",
       "      <td>0.766592</td>\n",
       "      <td>0.177129</td>\n",
       "    </tr>\n",
       "    <tr>\n",
       "      <th>Gender_Rank</th>\n",
       "      <td>0.000602</td>\n",
       "      <td>-0.005174</td>\n",
       "      <td>-0.008166</td>\n",
       "      <td>0.009809</td>\n",
       "      <td>-0.024019</td>\n",
       "      <td>-0.006021</td>\n",
       "      <td>-0.017804</td>\n",
       "      <td>0.026839</td>\n",
       "      <td>-0.006640</td>\n",
       "      <td>-0.017046</td>\n",
       "      <td>0.766592</td>\n",
       "      <td>1.000000</td>\n",
       "      <td>0.157633</td>\n",
       "    </tr>\n",
       "    <tr>\n",
       "      <th>Total_races</th>\n",
       "      <td>0.011360</td>\n",
       "      <td>-0.015240</td>\n",
       "      <td>0.007546</td>\n",
       "      <td>-0.000989</td>\n",
       "      <td>-0.029799</td>\n",
       "      <td>0.019240</td>\n",
       "      <td>-0.007776</td>\n",
       "      <td>0.006227</td>\n",
       "      <td>-0.006176</td>\n",
       "      <td>0.017571</td>\n",
       "      <td>0.177129</td>\n",
       "      <td>0.157633</td>\n",
       "      <td>1.000000</td>\n",
       "    </tr>\n",
       "  </tbody>\n",
       "</table>\n",
       "</div>"
      ],
      "text/plain": [
       "                     age  participant_id  runner_rank    status   race_id  \\\n",
       "age             1.000000       -0.270411    -0.216783  0.075115 -0.010206   \n",
       "participant_id -0.270411        1.000000    -0.194335 -0.001664  0.386143   \n",
       "runner_rank    -0.216783       -0.194335     1.000000 -0.190380  0.020117   \n",
       "status          0.075115       -0.001664    -0.190380  1.000000  0.032448   \n",
       "race_id        -0.010206        0.386143     0.020117  0.032448  1.000000   \n",
       "Season          0.047769       -0.020922    -0.074137  0.079697 -0.058049   \n",
       "Metro_area      0.018868        0.029178    -0.018915 -0.038195  0.130348   \n",
       "WL_SO          -0.043341       -0.089945     0.115371 -0.150429 -0.123373   \n",
       "Entry_fee       0.043721       -0.122077    -0.045335 -0.094013 -0.212501   \n",
       "PPM            -0.016771       -0.070901     0.113499 -0.118026  0.017266   \n",
       "Age_Rank       -0.007417       -0.005315    -0.003333  0.007557 -0.015521   \n",
       "Gender_Rank     0.000602       -0.005174    -0.008166  0.009809 -0.024019   \n",
       "Total_races     0.011360       -0.015240     0.007546 -0.000989 -0.029799   \n",
       "\n",
       "                  Season  Metro_area     WL_SO  Entry_fee       PPM  Age_Rank  \\\n",
       "age             0.047769    0.018868 -0.043341   0.043721 -0.016771 -0.007417   \n",
       "participant_id -0.020922    0.029178 -0.089945  -0.122077 -0.070901 -0.005315   \n",
       "runner_rank    -0.074137   -0.018915  0.115371  -0.045335  0.113499 -0.003333   \n",
       "status          0.079697   -0.038195 -0.150429  -0.094013 -0.118026  0.007557   \n",
       "race_id        -0.058049    0.130348 -0.123373  -0.212501  0.017266 -0.015521   \n",
       "Season          1.000000   -0.229057 -0.543905  -0.242692 -0.293994 -0.004094   \n",
       "Metro_area     -0.229057    1.000000 -0.292363   0.117692  0.406314 -0.010899   \n",
       "WL_SO          -0.543905   -0.292363  1.000000   0.413294  0.319025  0.028082   \n",
       "Entry_fee      -0.242692    0.117692  0.413294   1.000000  0.334784  0.001548   \n",
       "PPM            -0.293994    0.406314  0.319025   0.334784  1.000000  0.003491   \n",
       "Age_Rank       -0.004094   -0.010899  0.028082   0.001548  0.003491  1.000000   \n",
       "Gender_Rank    -0.006021   -0.017804  0.026839  -0.006640 -0.017046  0.766592   \n",
       "Total_races     0.019240   -0.007776  0.006227  -0.006176  0.017571  0.177129   \n",
       "\n",
       "                Gender_Rank  Total_races  \n",
       "age                0.000602     0.011360  \n",
       "participant_id    -0.005174    -0.015240  \n",
       "runner_rank       -0.008166     0.007546  \n",
       "status             0.009809    -0.000989  \n",
       "race_id           -0.024019    -0.029799  \n",
       "Season            -0.006021     0.019240  \n",
       "Metro_area        -0.017804    -0.007776  \n",
       "WL_SO              0.026839     0.006227  \n",
       "Entry_fee         -0.006640    -0.006176  \n",
       "PPM               -0.017046     0.017571  \n",
       "Age_Rank           0.766592     0.177129  \n",
       "Gender_Rank        1.000000     0.157633  \n",
       "Total_races        0.157633     1.000000  "
      ]
     },
     "execution_count": 1180,
     "metadata": {},
     "output_type": "execute_result"
    }
   ],
   "source": [
    "fe4.corr()"
   ]
  },
  {
   "cell_type": "markdown",
   "metadata": {},
   "source": [
    "Interesting observation - Very little spread between 25-75% in age of entrants (35-49). Max is 79 and min is ~12 (some cleaning of 0/1 ages may be necessary). 39-44 is the most common ages with nearly 400 in each category. Mid-life crisis???\n"
   ]
  },
  {
   "cell_type": "markdown",
   "metadata": {},
   "source": [
    "Interesting observation - Appears that runner rank and age have the strongest relationships to the status column. Gender rank and age rank are similar in their relationship. Total races appears to have the weakest relationship for these features."
   ]
  },
  {
   "cell_type": "code",
   "execution_count": 1181,
   "metadata": {
    "collapsed": false
   },
   "outputs": [],
   "source": [
    "gender_dummies_fe = pd.get_dummies(fe4.gender, prefix='gender')\n",
    "#state_dummies = pd.get_dummies(fe2_clean.state, prefix='Home_State')\n",
    "fe4 = fe4.join(gender_dummies_fe)\n",
    "#fe4_clean = fe4_clean.join(state_dummies)"
   ]
  },
  {
   "cell_type": "code",
   "execution_count": 1182,
   "metadata": {
    "collapsed": false
   },
   "outputs": [
    {
     "name": "stdout",
     "output_type": "stream",
     "text": [
      "Before Coding:\n",
      "1    6291\n",
      "2    3930\n",
      "3     540\n",
      "Name: status, dtype: int64\n",
      "\n",
      "After Coding:\n",
      "1    10221\n",
      "0      540\n",
      "Name: status_coded, dtype: int64\n"
     ]
    },
    {
     "data": {
      "text/html": [
       "<div>\n",
       "<table border=\"1\" class=\"dataframe\">\n",
       "  <thead>\n",
       "    <tr style=\"text-align: right;\">\n",
       "      <th></th>\n",
       "      <th>age</th>\n",
       "      <th>gender</th>\n",
       "      <th>participant_id</th>\n",
       "      <th>runner_rank</th>\n",
       "      <th>race_id</th>\n",
       "      <th>race_name</th>\n",
       "      <th>Season</th>\n",
       "      <th>Metro_area</th>\n",
       "      <th>WL_SO</th>\n",
       "      <th>Entry_fee</th>\n",
       "      <th>PPM</th>\n",
       "      <th>Age_Rank</th>\n",
       "      <th>Gender_Rank</th>\n",
       "      <th>Total_races</th>\n",
       "      <th>gender_F</th>\n",
       "      <th>gender_M</th>\n",
       "      <th>status_coded</th>\n",
       "    </tr>\n",
       "  </thead>\n",
       "  <tbody>\n",
       "    <tr>\n",
       "      <th>0</th>\n",
       "      <td>26</td>\n",
       "      <td>M</td>\n",
       "      <td>7148</td>\n",
       "      <td>88.39</td>\n",
       "      <td>11470</td>\n",
       "      <td>Bear</td>\n",
       "      <td>3</td>\n",
       "      <td>0</td>\n",
       "      <td>1</td>\n",
       "      <td>1</td>\n",
       "      <td>2.5</td>\n",
       "      <td>0.7174</td>\n",
       "      <td>0.6806</td>\n",
       "      <td>23.0</td>\n",
       "      <td>0.0</td>\n",
       "      <td>1.0</td>\n",
       "      <td>1</td>\n",
       "    </tr>\n",
       "    <tr>\n",
       "      <th>1</th>\n",
       "      <td>33</td>\n",
       "      <td>M</td>\n",
       "      <td>221721</td>\n",
       "      <td>90.00</td>\n",
       "      <td>11470</td>\n",
       "      <td>Bear</td>\n",
       "      <td>3</td>\n",
       "      <td>0</td>\n",
       "      <td>1</td>\n",
       "      <td>1</td>\n",
       "      <td>2.5</td>\n",
       "      <td>0.8132</td>\n",
       "      <td>0.6987</td>\n",
       "      <td>9.0</td>\n",
       "      <td>0.0</td>\n",
       "      <td>1.0</td>\n",
       "      <td>1</td>\n",
       "    </tr>\n",
       "    <tr>\n",
       "      <th>2</th>\n",
       "      <td>43</td>\n",
       "      <td>M</td>\n",
       "      <td>20020</td>\n",
       "      <td>83.63</td>\n",
       "      <td>11470</td>\n",
       "      <td>Bear</td>\n",
       "      <td>3</td>\n",
       "      <td>0</td>\n",
       "      <td>1</td>\n",
       "      <td>1</td>\n",
       "      <td>2.5</td>\n",
       "      <td>0.8272</td>\n",
       "      <td>0.7145</td>\n",
       "      <td>17.0</td>\n",
       "      <td>0.0</td>\n",
       "      <td>1.0</td>\n",
       "      <td>1</td>\n",
       "    </tr>\n",
       "    <tr>\n",
       "      <th>3</th>\n",
       "      <td>36</td>\n",
       "      <td>M</td>\n",
       "      <td>25441</td>\n",
       "      <td>73.22</td>\n",
       "      <td>11470</td>\n",
       "      <td>Bear</td>\n",
       "      <td>3</td>\n",
       "      <td>0</td>\n",
       "      <td>1</td>\n",
       "      <td>1</td>\n",
       "      <td>2.5</td>\n",
       "      <td>0.8995</td>\n",
       "      <td>0.8957</td>\n",
       "      <td>18.0</td>\n",
       "      <td>0.0</td>\n",
       "      <td>1.0</td>\n",
       "      <td>1</td>\n",
       "    </tr>\n",
       "    <tr>\n",
       "      <th>4</th>\n",
       "      <td>33</td>\n",
       "      <td>M</td>\n",
       "      <td>22562</td>\n",
       "      <td>87.77</td>\n",
       "      <td>11470</td>\n",
       "      <td>Bear</td>\n",
       "      <td>3</td>\n",
       "      <td>0</td>\n",
       "      <td>1</td>\n",
       "      <td>1</td>\n",
       "      <td>2.5</td>\n",
       "      <td>0.6807</td>\n",
       "      <td>0.6522</td>\n",
       "      <td>8.0</td>\n",
       "      <td>0.0</td>\n",
       "      <td>1.0</td>\n",
       "      <td>1</td>\n",
       "    </tr>\n",
       "  </tbody>\n",
       "</table>\n",
       "</div>"
      ],
      "text/plain": [
       "   age gender  participant_id  runner_rank  race_id race_name  Season  \\\n",
       "0   26      M            7148        88.39    11470      Bear       3   \n",
       "1   33      M          221721        90.00    11470      Bear       3   \n",
       "2   43      M           20020        83.63    11470      Bear       3   \n",
       "3   36      M           25441        73.22    11470      Bear       3   \n",
       "4   33      M           22562        87.77    11470      Bear       3   \n",
       "\n",
       "   Metro_area  WL_SO  Entry_fee  PPM  Age_Rank  Gender_Rank  Total_races  \\\n",
       "0           0      1          1  2.5    0.7174       0.6806         23.0   \n",
       "1           0      1          1  2.5    0.8132       0.6987          9.0   \n",
       "2           0      1          1  2.5    0.8272       0.7145         17.0   \n",
       "3           0      1          1  2.5    0.8995       0.8957         18.0   \n",
       "4           0      1          1  2.5    0.6807       0.6522          8.0   \n",
       "\n",
       "   gender_F  gender_M  status_coded  \n",
       "0       0.0       1.0             1  \n",
       "1       0.0       1.0             1  \n",
       "2       0.0       1.0             1  \n",
       "3       0.0       1.0             1  \n",
       "4       0.0       1.0             1  "
      ]
     },
     "execution_count": 1182,
     "metadata": {},
     "output_type": "execute_result"
    }
   ],
   "source": [
    "def coding(col, codeDict):\n",
    "    colCoded = pd.Series(col, copy=True)\n",
    "    for key, value in codeDict.items():\n",
    "        colCoded.replace(key, value, inplace=True)\n",
    "    return colCoded\n",
    " \n",
    "\n",
    "print 'Before Coding:'\n",
    "print pd.value_counts(fe4[\"status\"])\n",
    "fe4[\"status_coded\"] = coding(fe4[\"status\"], {'1':1,'2':1, '3':0})\n",
    "print '\\nAfter Coding:'\n",
    "print pd.value_counts(fe4[\"status_coded\"])\n",
    "fe4 = fe4.drop(['status'], axis=1)\n",
    "fe4.head()"
   ]
  },
  {
   "cell_type": "code",
   "execution_count": 1183,
   "metadata": {
    "collapsed": false
   },
   "outputs": [
    {
     "data": {
      "text/html": [
       "<div>\n",
       "<table border=\"1\" class=\"dataframe\">\n",
       "  <thead>\n",
       "    <tr style=\"text-align: right;\">\n",
       "      <th></th>\n",
       "      <th>age</th>\n",
       "      <th>participant_id</th>\n",
       "      <th>runner_rank</th>\n",
       "      <th>race_id</th>\n",
       "      <th>Season</th>\n",
       "      <th>Metro_area</th>\n",
       "      <th>WL_SO</th>\n",
       "      <th>Entry_fee</th>\n",
       "      <th>PPM</th>\n",
       "      <th>Age_Rank</th>\n",
       "      <th>Gender_Rank</th>\n",
       "      <th>Total_races</th>\n",
       "      <th>gender_F</th>\n",
       "      <th>gender_M</th>\n",
       "      <th>status_coded</th>\n",
       "    </tr>\n",
       "  </thead>\n",
       "  <tbody>\n",
       "    <tr>\n",
       "      <th>age</th>\n",
       "      <td>1.000000</td>\n",
       "      <td>-0.270411</td>\n",
       "      <td>-0.216783</td>\n",
       "      <td>-0.010206</td>\n",
       "      <td>0.047769</td>\n",
       "      <td>0.018868</td>\n",
       "      <td>-0.043341</td>\n",
       "      <td>0.043721</td>\n",
       "      <td>-0.016771</td>\n",
       "      <td>-0.007417</td>\n",
       "      <td>0.000602</td>\n",
       "      <td>0.011360</td>\n",
       "      <td>-0.050618</td>\n",
       "      <td>0.050618</td>\n",
       "      <td>0.011733</td>\n",
       "    </tr>\n",
       "    <tr>\n",
       "      <th>participant_id</th>\n",
       "      <td>-0.270411</td>\n",
       "      <td>1.000000</td>\n",
       "      <td>-0.194335</td>\n",
       "      <td>0.386143</td>\n",
       "      <td>-0.020922</td>\n",
       "      <td>0.029178</td>\n",
       "      <td>-0.089945</td>\n",
       "      <td>-0.122077</td>\n",
       "      <td>-0.070901</td>\n",
       "      <td>-0.005315</td>\n",
       "      <td>-0.005174</td>\n",
       "      <td>-0.015240</td>\n",
       "      <td>-0.026327</td>\n",
       "      <td>0.026327</td>\n",
       "      <td>-0.019896</td>\n",
       "    </tr>\n",
       "    <tr>\n",
       "      <th>runner_rank</th>\n",
       "      <td>-0.216783</td>\n",
       "      <td>-0.194335</td>\n",
       "      <td>1.000000</td>\n",
       "      <td>0.020117</td>\n",
       "      <td>-0.074137</td>\n",
       "      <td>-0.018915</td>\n",
       "      <td>0.115371</td>\n",
       "      <td>-0.045335</td>\n",
       "      <td>0.113499</td>\n",
       "      <td>-0.003333</td>\n",
       "      <td>-0.008166</td>\n",
       "      <td>0.007546</td>\n",
       "      <td>0.197594</td>\n",
       "      <td>-0.197594</td>\n",
       "      <td>0.002527</td>\n",
       "    </tr>\n",
       "    <tr>\n",
       "      <th>race_id</th>\n",
       "      <td>-0.010206</td>\n",
       "      <td>0.386143</td>\n",
       "      <td>0.020117</td>\n",
       "      <td>1.000000</td>\n",
       "      <td>-0.058049</td>\n",
       "      <td>0.130348</td>\n",
       "      <td>-0.123373</td>\n",
       "      <td>-0.212501</td>\n",
       "      <td>0.017266</td>\n",
       "      <td>-0.015521</td>\n",
       "      <td>-0.024019</td>\n",
       "      <td>-0.029799</td>\n",
       "      <td>-0.021824</td>\n",
       "      <td>0.021824</td>\n",
       "      <td>-0.081115</td>\n",
       "    </tr>\n",
       "    <tr>\n",
       "      <th>Season</th>\n",
       "      <td>0.047769</td>\n",
       "      <td>-0.020922</td>\n",
       "      <td>-0.074137</td>\n",
       "      <td>-0.058049</td>\n",
       "      <td>1.000000</td>\n",
       "      <td>-0.229057</td>\n",
       "      <td>-0.543905</td>\n",
       "      <td>-0.242692</td>\n",
       "      <td>-0.293994</td>\n",
       "      <td>-0.004094</td>\n",
       "      <td>-0.006021</td>\n",
       "      <td>0.019240</td>\n",
       "      <td>0.011332</td>\n",
       "      <td>-0.011332</td>\n",
       "      <td>-0.035099</td>\n",
       "    </tr>\n",
       "    <tr>\n",
       "      <th>Metro_area</th>\n",
       "      <td>0.018868</td>\n",
       "      <td>0.029178</td>\n",
       "      <td>-0.018915</td>\n",
       "      <td>0.130348</td>\n",
       "      <td>-0.229057</td>\n",
       "      <td>1.000000</td>\n",
       "      <td>-0.292363</td>\n",
       "      <td>0.117692</td>\n",
       "      <td>0.406314</td>\n",
       "      <td>-0.010899</td>\n",
       "      <td>-0.017804</td>\n",
       "      <td>-0.007776</td>\n",
       "      <td>0.072808</td>\n",
       "      <td>-0.072808</td>\n",
       "      <td>0.063267</td>\n",
       "    </tr>\n",
       "    <tr>\n",
       "      <th>WL_SO</th>\n",
       "      <td>-0.043341</td>\n",
       "      <td>-0.089945</td>\n",
       "      <td>0.115371</td>\n",
       "      <td>-0.123373</td>\n",
       "      <td>-0.543905</td>\n",
       "      <td>-0.292363</td>\n",
       "      <td>1.000000</td>\n",
       "      <td>0.413294</td>\n",
       "      <td>0.319025</td>\n",
       "      <td>0.028082</td>\n",
       "      <td>0.026839</td>\n",
       "      <td>0.006227</td>\n",
       "      <td>-0.052848</td>\n",
       "      <td>0.052848</td>\n",
       "      <td>0.053033</td>\n",
       "    </tr>\n",
       "    <tr>\n",
       "      <th>Entry_fee</th>\n",
       "      <td>0.043721</td>\n",
       "      <td>-0.122077</td>\n",
       "      <td>-0.045335</td>\n",
       "      <td>-0.212501</td>\n",
       "      <td>-0.242692</td>\n",
       "      <td>0.117692</td>\n",
       "      <td>0.413294</td>\n",
       "      <td>1.000000</td>\n",
       "      <td>0.334784</td>\n",
       "      <td>0.001548</td>\n",
       "      <td>-0.006640</td>\n",
       "      <td>-0.006176</td>\n",
       "      <td>0.036295</td>\n",
       "      <td>-0.036295</td>\n",
       "      <td>0.150438</td>\n",
       "    </tr>\n",
       "    <tr>\n",
       "      <th>PPM</th>\n",
       "      <td>-0.016771</td>\n",
       "      <td>-0.070901</td>\n",
       "      <td>0.113499</td>\n",
       "      <td>0.017266</td>\n",
       "      <td>-0.293994</td>\n",
       "      <td>0.406314</td>\n",
       "      <td>0.319025</td>\n",
       "      <td>0.334784</td>\n",
       "      <td>1.000000</td>\n",
       "      <td>0.003491</td>\n",
       "      <td>-0.017046</td>\n",
       "      <td>0.017571</td>\n",
       "      <td>0.000985</td>\n",
       "      <td>-0.000985</td>\n",
       "      <td>0.066751</td>\n",
       "    </tr>\n",
       "    <tr>\n",
       "      <th>Age_Rank</th>\n",
       "      <td>-0.007417</td>\n",
       "      <td>-0.005315</td>\n",
       "      <td>-0.003333</td>\n",
       "      <td>-0.015521</td>\n",
       "      <td>-0.004094</td>\n",
       "      <td>-0.010899</td>\n",
       "      <td>0.028082</td>\n",
       "      <td>0.001548</td>\n",
       "      <td>0.003491</td>\n",
       "      <td>1.000000</td>\n",
       "      <td>0.766592</td>\n",
       "      <td>0.177129</td>\n",
       "      <td>0.000289</td>\n",
       "      <td>-0.000289</td>\n",
       "      <td>0.007534</td>\n",
       "    </tr>\n",
       "    <tr>\n",
       "      <th>Gender_Rank</th>\n",
       "      <td>0.000602</td>\n",
       "      <td>-0.005174</td>\n",
       "      <td>-0.008166</td>\n",
       "      <td>-0.024019</td>\n",
       "      <td>-0.006021</td>\n",
       "      <td>-0.017804</td>\n",
       "      <td>0.026839</td>\n",
       "      <td>-0.006640</td>\n",
       "      <td>-0.017046</td>\n",
       "      <td>0.766592</td>\n",
       "      <td>1.000000</td>\n",
       "      <td>0.157633</td>\n",
       "      <td>0.003349</td>\n",
       "      <td>-0.003349</td>\n",
       "      <td>0.002545</td>\n",
       "    </tr>\n",
       "    <tr>\n",
       "      <th>Total_races</th>\n",
       "      <td>0.011360</td>\n",
       "      <td>-0.015240</td>\n",
       "      <td>0.007546</td>\n",
       "      <td>-0.029799</td>\n",
       "      <td>0.019240</td>\n",
       "      <td>-0.007776</td>\n",
       "      <td>0.006227</td>\n",
       "      <td>-0.006176</td>\n",
       "      <td>0.017571</td>\n",
       "      <td>0.177129</td>\n",
       "      <td>0.157633</td>\n",
       "      <td>1.000000</td>\n",
       "      <td>-0.001369</td>\n",
       "      <td>0.001369</td>\n",
       "      <td>0.008308</td>\n",
       "    </tr>\n",
       "    <tr>\n",
       "      <th>gender_F</th>\n",
       "      <td>-0.050618</td>\n",
       "      <td>-0.026327</td>\n",
       "      <td>0.197594</td>\n",
       "      <td>-0.021824</td>\n",
       "      <td>0.011332</td>\n",
       "      <td>0.072808</td>\n",
       "      <td>-0.052848</td>\n",
       "      <td>0.036295</td>\n",
       "      <td>0.000985</td>\n",
       "      <td>0.000289</td>\n",
       "      <td>0.003349</td>\n",
       "      <td>-0.001369</td>\n",
       "      <td>1.000000</td>\n",
       "      <td>-1.000000</td>\n",
       "      <td>0.015681</td>\n",
       "    </tr>\n",
       "    <tr>\n",
       "      <th>gender_M</th>\n",
       "      <td>0.050618</td>\n",
       "      <td>0.026327</td>\n",
       "      <td>-0.197594</td>\n",
       "      <td>0.021824</td>\n",
       "      <td>-0.011332</td>\n",
       "      <td>-0.072808</td>\n",
       "      <td>0.052848</td>\n",
       "      <td>-0.036295</td>\n",
       "      <td>-0.000985</td>\n",
       "      <td>-0.000289</td>\n",
       "      <td>-0.003349</td>\n",
       "      <td>0.001369</td>\n",
       "      <td>-1.000000</td>\n",
       "      <td>1.000000</td>\n",
       "      <td>-0.015681</td>\n",
       "    </tr>\n",
       "    <tr>\n",
       "      <th>status_coded</th>\n",
       "      <td>0.011733</td>\n",
       "      <td>-0.019896</td>\n",
       "      <td>0.002527</td>\n",
       "      <td>-0.081115</td>\n",
       "      <td>-0.035099</td>\n",
       "      <td>0.063267</td>\n",
       "      <td>0.053033</td>\n",
       "      <td>0.150438</td>\n",
       "      <td>0.066751</td>\n",
       "      <td>0.007534</td>\n",
       "      <td>0.002545</td>\n",
       "      <td>0.008308</td>\n",
       "      <td>0.015681</td>\n",
       "      <td>-0.015681</td>\n",
       "      <td>1.000000</td>\n",
       "    </tr>\n",
       "  </tbody>\n",
       "</table>\n",
       "</div>"
      ],
      "text/plain": [
       "                     age  participant_id  runner_rank   race_id    Season  \\\n",
       "age             1.000000       -0.270411    -0.216783 -0.010206  0.047769   \n",
       "participant_id -0.270411        1.000000    -0.194335  0.386143 -0.020922   \n",
       "runner_rank    -0.216783       -0.194335     1.000000  0.020117 -0.074137   \n",
       "race_id        -0.010206        0.386143     0.020117  1.000000 -0.058049   \n",
       "Season          0.047769       -0.020922    -0.074137 -0.058049  1.000000   \n",
       "Metro_area      0.018868        0.029178    -0.018915  0.130348 -0.229057   \n",
       "WL_SO          -0.043341       -0.089945     0.115371 -0.123373 -0.543905   \n",
       "Entry_fee       0.043721       -0.122077    -0.045335 -0.212501 -0.242692   \n",
       "PPM            -0.016771       -0.070901     0.113499  0.017266 -0.293994   \n",
       "Age_Rank       -0.007417       -0.005315    -0.003333 -0.015521 -0.004094   \n",
       "Gender_Rank     0.000602       -0.005174    -0.008166 -0.024019 -0.006021   \n",
       "Total_races     0.011360       -0.015240     0.007546 -0.029799  0.019240   \n",
       "gender_F       -0.050618       -0.026327     0.197594 -0.021824  0.011332   \n",
       "gender_M        0.050618        0.026327    -0.197594  0.021824 -0.011332   \n",
       "status_coded    0.011733       -0.019896     0.002527 -0.081115 -0.035099   \n",
       "\n",
       "                Metro_area     WL_SO  Entry_fee       PPM  Age_Rank  \\\n",
       "age               0.018868 -0.043341   0.043721 -0.016771 -0.007417   \n",
       "participant_id    0.029178 -0.089945  -0.122077 -0.070901 -0.005315   \n",
       "runner_rank      -0.018915  0.115371  -0.045335  0.113499 -0.003333   \n",
       "race_id           0.130348 -0.123373  -0.212501  0.017266 -0.015521   \n",
       "Season           -0.229057 -0.543905  -0.242692 -0.293994 -0.004094   \n",
       "Metro_area        1.000000 -0.292363   0.117692  0.406314 -0.010899   \n",
       "WL_SO            -0.292363  1.000000   0.413294  0.319025  0.028082   \n",
       "Entry_fee         0.117692  0.413294   1.000000  0.334784  0.001548   \n",
       "PPM               0.406314  0.319025   0.334784  1.000000  0.003491   \n",
       "Age_Rank         -0.010899  0.028082   0.001548  0.003491  1.000000   \n",
       "Gender_Rank      -0.017804  0.026839  -0.006640 -0.017046  0.766592   \n",
       "Total_races      -0.007776  0.006227  -0.006176  0.017571  0.177129   \n",
       "gender_F          0.072808 -0.052848   0.036295  0.000985  0.000289   \n",
       "gender_M         -0.072808  0.052848  -0.036295 -0.000985 -0.000289   \n",
       "status_coded      0.063267  0.053033   0.150438  0.066751  0.007534   \n",
       "\n",
       "                Gender_Rank  Total_races  gender_F  gender_M  status_coded  \n",
       "age                0.000602     0.011360 -0.050618  0.050618      0.011733  \n",
       "participant_id    -0.005174    -0.015240 -0.026327  0.026327     -0.019896  \n",
       "runner_rank       -0.008166     0.007546  0.197594 -0.197594      0.002527  \n",
       "race_id           -0.024019    -0.029799 -0.021824  0.021824     -0.081115  \n",
       "Season            -0.006021     0.019240  0.011332 -0.011332     -0.035099  \n",
       "Metro_area        -0.017804    -0.007776  0.072808 -0.072808      0.063267  \n",
       "WL_SO              0.026839     0.006227 -0.052848  0.052848      0.053033  \n",
       "Entry_fee         -0.006640    -0.006176  0.036295 -0.036295      0.150438  \n",
       "PPM               -0.017046     0.017571  0.000985 -0.000985      0.066751  \n",
       "Age_Rank           0.766592     0.177129  0.000289 -0.000289      0.007534  \n",
       "Gender_Rank        1.000000     0.157633  0.003349 -0.003349      0.002545  \n",
       "Total_races        0.157633     1.000000 -0.001369  0.001369      0.008308  \n",
       "gender_F           0.003349    -0.001369  1.000000 -1.000000      0.015681  \n",
       "gender_M          -0.003349     0.001369 -1.000000  1.000000     -0.015681  \n",
       "status_coded       0.002545     0.008308  0.015681 -0.015681      1.000000  "
      ]
     },
     "execution_count": 1183,
     "metadata": {},
     "output_type": "execute_result"
    }
   ],
   "source": [
    "fe4.corr()"
   ]
  },
  {
   "cell_type": "markdown",
   "metadata": {},
   "source": [
    "Once adding gender dummies, it appears that gender in and of itself may not be a great predictor of race status. Appears to be ~75% male and 25% female particitation in these races."
   ]
  },
  {
   "cell_type": "code",
   "execution_count": 1184,
   "metadata": {
    "collapsed": false
   },
   "outputs": [],
   "source": [
    "y = fe4.pop('status_coded')\n",
    "clean = fe4.drop(['gender', 'participant_id', 'race_name', 'race_id', 'Age_Rank', 'Gender_Rank', 'Total_races'\\\n",
    "                 , 'gender_M'], axis=1)\n",
    "X = clean\n",
    "\n",
    "X_train,X_test,y_train,y_test = train_test_split(X, y, test_size=0.3)"
   ]
  },
  {
   "cell_type": "code",
   "execution_count": null,
   "metadata": {
    "collapsed": false
   },
   "outputs": [],
   "source": []
  },
  {
   "cell_type": "code",
   "execution_count": 1185,
   "metadata": {
    "collapsed": false
   },
   "outputs": [
    {
     "data": {
      "text/plain": [
       "LogisticRegression(C=100, class_weight=None, dual=False, fit_intercept=True,\n",
       "          intercept_scaling=1, max_iter=100, multi_class='ovr', n_jobs=1,\n",
       "          penalty='l2', random_state=None, solver='liblinear', tol=0.0001,\n",
       "          verbose=0, warm_start=False)"
      ]
     },
     "execution_count": 1185,
     "metadata": {},
     "output_type": "execute_result"
    }
   ],
   "source": [
    "model = LR(C=100)\n",
    "model.fit(X_train, y_train)"
   ]
  },
  {
   "cell_type": "code",
   "execution_count": 1186,
   "metadata": {
    "collapsed": false
   },
   "outputs": [],
   "source": [
    "predicted = model.predict_proba(X_test)"
   ]
  },
  {
   "cell_type": "code",
   "execution_count": 1187,
   "metadata": {
    "collapsed": false
   },
   "outputs": [
    {
     "data": {
      "text/plain": [
       "0.20506065648496094"
      ]
     },
     "execution_count": 1187,
     "metadata": {},
     "output_type": "execute_result"
    }
   ],
   "source": [
    "log_loss(y_test, predicted)"
   ]
  },
  {
   "cell_type": "code",
   "execution_count": 1188,
   "metadata": {
    "collapsed": false
   },
   "outputs": [
    {
     "data": {
      "text/plain": [
       "array([[ -2.60655838e-04,  -1.53956285e-03,   7.57770170e-02,\n",
       "          4.64655688e-01,   2.70842412e-02,   1.61221998e+00,\n",
       "         -7.49635486e-02,  -7.51114810e-03]])"
      ]
     },
     "execution_count": 1188,
     "metadata": {},
     "output_type": "execute_result"
    }
   ],
   "source": [
    "model.coef_"
   ]
  },
  {
   "cell_type": "code",
   "execution_count": 1189,
   "metadata": {
    "collapsed": false
   },
   "outputs": [
    {
     "data": {
      "text/plain": [
       "0.49899198485487145"
      ]
     },
     "execution_count": 1189,
     "metadata": {},
     "output_type": "execute_result"
    }
   ],
   "source": [
    "model2 = RFC(n_estimators=500, criterion='entropy', random_state=1, n_jobs=2)\n",
    "model2.fit(X_train, y_train)\n",
    "predicted2 = model2.predict_proba(X_test)\n",
    "log_loss(y_test, predicted2)"
   ]
  },
  {
   "cell_type": "code",
   "execution_count": 1211,
   "metadata": {
    "collapsed": false
   },
   "outputs": [
    {
     "data": {
      "text/plain": [
       "0.20501420189126793"
      ]
     },
     "execution_count": 1211,
     "metadata": {},
     "output_type": "execute_result"
    }
   ],
   "source": [
    "model3 = GBC(n_estimators=50, max_depth=4, learning_rate=0.1)\n",
    "model3.fit(X_train, y_train)\n",
    "predictions = model3.predict_proba(X_test)\n",
    "log_loss(y_test, predictions)"
   ]
  },
  {
   "cell_type": "code",
   "execution_count": 1197,
   "metadata": {
    "collapsed": false
   },
   "outputs": [],
   "source": [
    "#X_test"
   ]
  },
  {
   "cell_type": "code",
